const cam_transforms = [
    [0.9999711513519287, 0.0009059604490175853, -0.0075356303714215755, 0.1010691653386834, -0.0009912442183122039, 0.9999353885650635, -0.011321376077830668, 3.010237932823603, 0.007524886634200811, 0.011328519321977969, 0.9999074935913086, 23.05752574085654, 0.0, 0.0, 0.0, 1.0],
    [0.9999535083770752, 0.005923409014940263, -0.007614295464009046, 0.06488533337639471, -0.006010989658534527, 0.9999154210090637, -0.011531146243214484, 8.03117113426503, 0.0075453477911651134, 0.011576378718018409, 0.9999045133590698, 23.061840658696863, 0.0, 0.0, 0.0, 1.0],
    [0.9999473094940186, 0.008538723923265934, -0.005707476753741502, 0.10884813075470302, -0.008463435806334019, 0.9998785257339478, 0.013087773695588235, 12.986989160650522, 0.005818536039441824, -0.013038778677582864, 0.9998980164527893, 23.05329216931787, 0.0, 0.0, 0.0, 1.0],
    [0.9999771118164062, 0.005617390852421523, -0.003785718232393264, 0.12242332823005152, -0.0054476396180689335, 0.9990407824516296, 0.04344953969120992, 17.96558815781446, 0.004026160109788179, -0.043427918106317645, 0.9990484714508057, 22.993556874584684, 0.0, 0.0, 0.0, 1.0],
    [0.9914962649345398, 0.047746375203132616, 0.12106181681156158, 2.897369478129983, 0.01385127566754818, 0.8862604498863221, -0.4629801511764525, -0.7194950155094517, -0.129397913813591, 0.46071982383728016, 0.8780623674392701, 19.17374996195744, 0.0, 0.0, 0.0, 1.0],
    [0.9903213977813721, -0.04904576018452643, -0.12983910739421844, -2.963016997107237, -0.02114638313651085, 0.8712433576583863, -0.49039554595947255, -0.7787815978852862, 0.13717328011989594, 0.488394796848297, 0.8617737293243409, 19.13528047619071, 0.0, 0.0, 0.0, 1.0],
    [0.9913825392723083, -0.05430733039975168, 0.11921155452728271, 3.149096064759071, -0.02126050367951393, 0.8312535285949706, 0.5554867982864381, 24.290173807264498, -0.1292620301246643, -0.5532344579696656, 0.82293564081192, 19.731079586681158, 0.0, 0.0, 0.0, 1.0],
    [0.9913597702980042, 0.07656377553939821, -0.10650595277547835, -2.719103279757611, -0.006347615271806717, 0.8390210270881652, 0.5440619587898256, 24.39070530949953, 0.13101616501808167, -0.5386851429939271, 0.8322578072547911, 19.76361351472935, 0.0, 0.0, 0.0, 1.0],
    [0.9638252854347229, -0.005036187823861804, -0.2664875090122223, -6.1740363306671195, 0.004160204436630011, 0.9999839067459106, -0.0038515762425957887, 3.0872070403083414, 0.26650264859199524, 0.002603603992611052, 0.9638306498527527, 22.473065174421013, 0.0, 0.0, 0.0, 1.0],
    [0.9635391235351562, 0.01809959486126903, -0.2669549286365509, -6.194762264797486, -0.01736469939351082, 0.9998361468315125, 0.005113459192216519, 8.05948379780306, 0.26700374484062195, -0.0002914252690972078, 0.9636954665184021, 22.46231307870842, 0.0, 0.0, 0.0, 1.0],
    [0.962414562702179, -0.003370464080944624, -0.27156388759613037, -6.217255895105644, 0.008149012923240662, 0.9998311400413513, 0.016470646485686424, 13.03967253809002, 0.27146250009536743, -0.018064567819237827, 0.9622794985771179, 22.46429904817033, 0.0, 0.0, 0.0, 1.0],
    [0.9610912799835205, 0.024536367505788838, -0.2751387655735016, -6.222406012560634, -0.015603470616042614, 0.9992790818214417, 0.03460915014147771, 18.02964414605706, 0.2757895886898041, -0.02896943315863621, 0.9607813358306885, 22.436741040616784, 0.0, 0.0, 0.0, 1.0],
    [0.8670014142990112, 0.0005203359760344639, -0.4983060359954834, -11.60209318881029, -0.008539121598005295, 0.9998681545257568, -0.01381311938166606, 3.083010625635183, 0.4982331395149231, 0.016231084242463004, 0.8668911457061768, 20.12406515309118, 0.0, 0.0, 0.0, 1.0],
    [0.8799745440483093, 0.006749419495463429, -0.4749729335308075, -11.65168706707149, -0.00027847057208418846, 0.9999062418937683, 0.013692864216864232, 8.05583956255124, 0.47502079606056213, -0.011917105875909436, 0.8798938989639282, 20.121003622037968, 0.0, 0.0, 0.0, 1.0],
    [0.8666419386863708, -0.000673133530653952, -0.4989301860332489, -11.67707389721391, 0.0015305652050301433, 0.9999979734420776, 0.0013094414025546345, 13.03730873682743, 0.4989282786846161, -0.0018984619528056251, 0.8666411638259888, 20.15844151638078, 0.0, 0.0, 0.0, 1.0],
    [0.8615838885307312, 0.0303674396127463, -0.5067058801651001, -11.698535029690289, -0.015154240652918816, 0.9993028044700623, 0.03412159904837621, 17.998684676317588, 0.5073888301849365, -0.02171988040208827, 0.8614435195922852, 20.14924778393954, 0.0, 0.0, 0.0, 1.0],
    [0.7049010396003723, -0.002262717811390671, -0.7093021273612976, -16.30743509238188, -0.0020591358188539743, 0.9999842047691345, -0.005236370954662439, 3.1001371542999685, 0.7093027234077454, 0.005151672754436645, 0.7048852443695068, 16.23045785769895, 0.0, 0.0, 0.0, 1.0],
    [0.7090674042701721, 0.012634353712201205, -0.7050275206565857, -16.270993147444692, -0.010617801919579506, 0.9999173879623413, 0.007240246050059918, 8.07989138100405, 0.7050607800483704, 0.002352019771933469, 0.7091429233551025, 16.25229033407682, 0.0, 0.0, 0.0, 1.0],
    [0.7013571858406067, 0.01563312672078618, -0.7126392126083374, -16.3210068987653, -0.004025646951049566, 0.9998303651809692, 0.017971316352486732, 13.022058561525963, 0.7127993106842041, -0.009735470637679187, 0.7013006210327148, 16.18153290505792, 0.0, 0.0, 0.0, 1.0],
    [0.7010816335678101, 0.04711405932903299, -0.7115228772163391, -16.2984697230705, -0.016838403418660164, 0.9986304640769958, 0.04953381419181836, 18.010156313603602, 0.7128822207450867, -0.022746341302991, 0.7009148597717285, 16.219590530403657, 0.0, 0.0, 0.0, 1.0],
    [0.8140000700950623, -0.30190646648406977, -0.4962432682514191, -11.63038106360718, 0.0267602801322937, 0.8729007244110109, -0.4871634542942046, -0.45770420507305687, 0.5802488923072815, 0.3832712471485137, 0.7186198234558105, 15.63049910233037, 0.0, 0.0, 0.0, 1.0],
    [0.5956864356994629, -0.38270360231399525, -0.7061837911605835, -15.75906122671946, -0.014429569244384766, 0.8739535212516786, -0.48579514026641835, -0.5643645018436132, 0.8030873537063599, 0.2995715141296386, 0.5150800943374634, 11.502261852562262, 0.0, 0.0, 0.0, 1.0],
    [0.7516555786132812, 0.48738926649093633, -0.444371610879898, -7.63153606400272, 0.020054146647453308, 0.6565431356430053, 0.7540220022201539, 25.89254626235546, 0.6592512726783752, -0.5756760835647584, 0.4837198853492736, 9.322079958750313, 0.0, 0.0, 0.0, 1.0],
    [0.6294467449188232, 0.5866080522537233, -0.5095958709716796, -9.411635925419557, 0.030506163835525513, 0.636652648448944, 0.7705470323562623, 25.831167228733566, 0.776444673538208, -0.5005640983581543, 0.38284373283386225, 7.440009155437082, 0.0, 0.0, 0.0, 1.0],
    [0.49653512239456177, 0.002057664562016832, -0.8680141568183899, -20.12219333562517, -0.016068218275904655, 0.9998476505279541, -0.006821414921432611, 3.0799718929591817, 0.8678678870201111, 0.01733451336622232, 0.4964926242828369, 11.505658321675792, 0.0, 0.0, 0.0, 1.0],
    [0.48909229040145874, 0.006665110588073837, -0.8722071051597595, -20.108344535278746, -0.00939163938164711, 0.9999530911445618, 0.002374921925366047, 8.033746988103454, 0.8721819519996643, 0.007029896602034509, 0.4891313314437866, 11.494098223755492, 0.0, 0.0, 0.0, 1.0],
    [0.4927152395248413, 0.017934041097760308, -0.8700057864189148, -20.020216443438002, -0.012479260563850403, 0.999830424785614, 0.013542758300900582, 13.003026710697581, 0.8701011538505554, 0.004184306133538424, 0.492855429649353, 11.471613515596841, 0.0, 0.0, 0.0, 1.0],
    [0.4925089478492737, 0.0498853512108327, -0.8688765168190002, -19.941047345543602, -0.02416551485657692, 0.9987548589706421, 0.04364429414272321, 17.97533113477073, 0.8699718117713928, -0.0004983562976122506, 0.49310117959976196, 11.495719086179989, 0.0, 0.0, 0.0, 1.0],
    [0.28552013635635376, -0.014439051039516808, -0.9582639336585999, -22.443122746508273, 0.004091196693480015, 0.9998957514762878, -0.013847360387444373, 3.1039971791532537, 0.958363950252533, 3.325473517175992e-05, 0.2855494022369385, 6.034700822304211, 0.0, 0.0, 0.0, 1.0],
    [0.259806752204895, 0.0008910885080696335, -0.9656605124473572, -22.412930616050183, -0.006951416842639446, 0.9999753832817078, -0.0009474931284784046, 8.08177461826599, 0.9656359553337097, 0.006958872079849211, 0.2598060965538025, 6.075803709703984, 0.0, 0.0, 0.0, 1.0],
    [0.25883322954177856, 0.013721942901611446, -0.9658246040344238, -22.38133825189835, 0.0037180096842348576, 0.9998775720596313, 0.01520214602351201, 13.045207613149001, 0.9659149646759033, -0.007525764405727419, 0.25875037908554077, 6.027535621279165, 0.0, 0.0, 0.0, 1.0],
    [0.25860053300857544, 0.03367186337709439, -0.965397298336029, -22.29471467904628, -0.0005964841693639755, 0.9993976354598999, 0.03469797223806394, 18.04138272705395, 0.9659841656684875, -0.0083970716223121, 0.25846487283706665, 6.021362272924019, 0.0, 0.0, 0.0, 1.0],
    [-0.004949986934661865, -0.012868401594459887, -0.9999049305915833, -23.01956542833225, 0.0047417813912034035, 0.9999056458473206, -0.012891884893178817, 3.085340676022798, 0.9999764561653137, -0.004805145319551229, -0.004888534545898438, -0.06260878666072785, 0.0, 0.0, 0.0, 1.0],
    [-0.010869622230529785, 0.00968170911073697, -0.9998940825462341, -22.967947043023052, -0.008811991661787033, 0.9999133944511414, 0.009777689352631692, 8.04684759222814, 0.999902069568634, 0.00891733728349209, -0.010783255100250242, -0.04509093181034203, 0.0, 0.0, 0.0, 1.0],
    [-0.0019330382347106934, 0.014973133802414064, -0.9998860359191895, -22.940866891912354, -0.010698830708861351, 0.9998303651809692, 0.014992984011769418, 13.020258623309731, 0.9999408721923828, 0.01072659157216549, -0.001772522926330565, -0.07332348809207474, 0.0, 0.0, 0.0, 1.0],
    [-0.01050955057144165, 0.039845012128353244, -0.9991506338119507, -22.898050808422173, -0.0025282707065343857, 0.9992015361785889, 0.039873637259006625, 17.99745212965568, 0.9999415874481201, 0.002945179119706155, -0.010400474071502686, -0.1183471435068405, 0.0, 0.0, 0.0, 1.0],
    [0.16517692804336548, -0.514054775238037, -0.8417031168937684, -19.13850953087516, 3.159046173095703e-05, 0.8534286618232728, -0.5212097167968749, -0.6749377709749426, 0.9862639307975769, 0.08606523275375365, 0.14098304510116577, 2.912742433453597, 0.0, 0.0, 0.0, 1.0],
    [-0.15134000778198242, -0.5021881461143493, -0.8514125347137452, -19.08656916433006, -0.006082713603973389, 0.861790418624878, -0.507228136062622, -0.7510015996552681, 0.9884630441665649, -0.071585014462471, -0.13347798585891724, -2.928931308819849, 0.0, 0.0, 0.0, 1.0],
    [0.10775113105773926, 0.5554730892181398, -0.8245237469673156, -19.57421375692678, -0.022839486598968506, 0.8305164575576781, 0.5565255880355836, 24.3573722998459, 0.9939154982566833, -0.041134595870971694, 0.10217583179473877, 2.7651402820595528, 0.0, 0.0, 0.0, 1.0],
    [-0.1982583999633789, 0.5433485507965089, -0.8157609701156615, -19.593378516787393, -0.022115468978881836, 0.8295902609825133, 0.5579345226287843, 24.36383674703125, 0.9799002408981323, 0.1286561042070389, -0.1524568200111389, -3.09262842746155, 0.0, 0.0, 0.0, 1.0],
    [-0.26983964443206787, -0.0015091677196322692, -0.962904155254364, -22.45597919919394, 0.004471885040402412, 0.9999860525131226, -0.0028204666450618475, 3.055161676558421, 0.9628949761390686, -0.005067070014774766, -0.2698292136192322, -6.228847760920083, 0.0, 0.0, 0.0, 1.0],
    [-0.27004921436309814, 0.004091168288141607, -0.9628379344940186, -22.45178028993443, -0.010972324758768082, 0.9999129772186279, 0.007326134946197394, 8.047077101270649, 0.9627840518951416, 0.012542985379695925, -0.26998090744018555, -6.257013680440632, 0.0, 0.0, 0.0, 1.0],
    [-0.27065473794937134, 0.008535886183381199, -0.9626386761665344, -22.434531372967772, -0.019839435815811157, 0.9996988773345947, 0.014442549087107305, 13.00783376133646, 0.9624720215797424, 0.023007154464721714, -0.27040398120880127, -6.267735292214479, 0.0, 0.0, 0.0, 1.0],
    [-0.2768647074699402, 0.028119975700974582, -0.9604975581169128, -22.542026836439774, -0.005630156025290489, 0.9995070695877075, 0.030884945765137794, 18.00037566195502, 0.9608926177024841, 0.013958705589175259, -0.27657032012939453, -6.358725181312032, 0.0, 0.0, 0.0, 1.0],
    [-0.5074252486228943, -0.005180561449378623, -0.861680269241333, -20.05207384103807, 0.005133521277457476, 0.9999459981918335, -0.009034860879182692, 3.073979516922121, 0.8616805076599121, -0.009007969871163306, -0.5073713064193726, -11.69541680096679, 0.0, 0.0, 0.0, 1.0],
    [-0.5092467665672302, 0.004012647084891902, -0.8606112599372864, -20.05348416449047, -0.0007826936198398471, 0.9999865293502808, 0.005125633440911892, 8.052570773208396, 0.8606202006340027, 0.0032838070765138297, -0.5092368721961975, -11.68982014472867, 0.0, 0.0, 0.0, 1.0],
    [-0.5077117681503296, 0.013718094676733123, -0.8614177703857422, -20.074166246222262, 0.0017712218686938286, 0.9998877644538879, 0.01487928815186036, 12.95982123470699, 0.8615251779556274, 0.0060286275111139445, -0.5076789259910583, -11.725553259050631, 0.0, 0.0, 0.0, 1.0],
    [-0.5027428865432739, 0.01639510318636905, -0.864280641078949, -20.107915246497278, -0.014570280909538269, 0.9995173811912537, 0.027435880154371383, 17.93407424223064, 0.8643133044242859, 0.026386003941297594, -0.5022614598274231, -11.714410032848022, 0.0, 0.0, 0.0, 1.0],
    [-0.7127977609634399, -0.0061978381127118206, -0.7013422250747681, -16.185259093715292, 0.007079301401972771, 0.9998464584350586, -0.01603068411350238, 3.005001337449949, 0.7013338804244995, -0.01639164984226218, -0.7126443386077881, -16.346942601743663, 0.0, 0.0, 0.0, 1.0],
    [-0.7126956582069397, -0.014583252370357427, -0.7013217806816101, -16.16525165947619, -0.005452827084809542, 0.9998688697814941, -0.01524996571242797, 7.9634971401784105, 0.7014521956443787, -0.007044397294521244, -0.7126815915107727, -16.40476790232733, 0.0, 0.0, 0.0, 1.0],
    [-0.7155880928039551, 0.013078201562166299, -0.69840008020401, -16.216404432281372, 0.007990814745426178, 0.9999125599861145, 0.010536836460232858, 12.94168345096061, 0.6984768509864807, 0.0019592489115894717, -0.7156299948692322, -16.33702134606728, 0.0, 0.0, 0.0, 1.0],
    [-0.7179021835327148, 0.011348898522555913, -0.6960515379905701, -16.24256559221908, -0.015500345267355442, 0.9993586540222168, 0.03228116035461438, 17.92311332064656, 0.6959714293479919, 0.033963754773140044, -0.7172657251358032, -16.416303777226467, 0.0, 0.0, 0.0, 1.0],
    [-0.6046513319015503, -0.3487437367439269, -0.7160828709602356, -15.73544771589636, 0.012249797582626343, 0.8948696851730347, -0.4461594521999358, -0.5893333120667392, 0.7963961958885193, -0.27854284644126887, -0.5368125438690186, -11.59203546930949, 0.0, 0.0, 0.0, 1.0],
    [-0.8041503429412842, -0.2937625050544738, -0.516764760017395, -11.4748544273956, -0.027160659432411194, 0.8866013884544374, -0.4617362320423125, -0.6434369604159201, 0.5938050746917725, -0.35726967453956593, -0.7209395170211792, -15.65476924492775, 0.0, 0.0, 0.0, 1.0],
    [-0.7330640554428101, 0.44417637586593633, -0.5150966048240662, -9.250577854432553, -0.10578645765781403, 0.6736443042755126, 0.7314454913139344, 25.559988960254046, 0.671882688999176, 0.5906866192817688, -0.44683647155761713, -7.788502636686562, 0.0, 0.0, 0.0, 1.0],
    [-0.8511177897453308, 0.34278309345245367, -0.39761570096015925, -7.367333443219312, -0.08126483857631683, 0.6622430086135863, 0.7448692321777345, 25.661059958405126, 0.5186468362808228, 0.6662836074829103, -0.5357906222343444, -9.502559507631457, 0.0, 0.0, 0.0, 1.0],
    [-0.888576865196228, -0.018530845642089788, -0.4583532512187958, -10.55480564093408, -0.01098492369055748, 0.9997567534446716, -0.019123652949929116, 2.991799985784765, 0.4585961401462555, -0.011957859620451818, -0.88856440782547, -20.534866153379387, 0.0, 0.0, 0.0, 1.0],
    [-0.8923823833465576, 0.009948231279850062, -0.4511704444885254, -10.526598268538201, 0.014299305155873299, 0.9998783469200134, -0.006235841661691543, 7.9585573000586995, 0.4510535001754761, -0.01201617904007424, -0.8924159407615662, -20.56729811665916, 0.0, 0.0, 0.0, 1.0],
    [-0.895085334777832, 0.015160324983298832, -0.4456370174884796, -10.525117279864912, 0.015278003178536892, 0.9998776912689209, 0.0033286174293608696, 12.909663605183328, 0.44563302397727966, -0.0038290473166852092, -0.8952075839042664, -20.63178160745405, 0.0, 0.0, 0.0, 1.0],
    [-0.8927332758903503, 0.03192010894417768, -0.4494534432888031, -10.512983647172309, 0.004726107232272625, 0.9980960488319397, 0.06149731948971761, 17.89523863153559, 0.45056071877479553, 0.0527765415608884, -0.891184389591217, -20.647319006733223, 0.0, 0.0, 0.0, 1.0],
    [-0.9871369004249573, -0.014853326603770237, -0.1591857671737671, -3.683479417220563, -0.01197025179862976, 0.9997467398643494, -0.019055021926760552, 3.064240350937497, 0.15942847728729248, -0.016904423013329384, -0.9870646595954895, -22.992265917997152, 0.0, 0.0, 0.0, 1.0],
    [-0.9880868196487427, -0.027536533772945387, -0.15141424536705017, -3.668419471767873, -0.02653978019952774, 0.9996107816696167, -0.008600311353802558, 7.945212500345471, 0.15159213542938232, -0.00447935378178942, -0.9884330630302429, -23.01690258857262, 0.0, 0.0, 0.0, 1.0],
    [-0.9861192107200623, -0.005227451212704162, -0.16595663130283356, -3.6233329182155005, -0.007492613047361374, 0.9998870491981506, 0.01302598882466567, 12.91548711839525, 0.1658697873353958, 0.01408862601965678, -0.9860470294952393, -23.01237906506227, 0.0, 0.0, 0.0, 1.0],
    [-0.9890325665473938, 0.006992145441472549, -0.14753219485282898, -3.599167909011625, -0.0011122561991214752, 0.9984978437423706, 0.054779242724180346, 17.89024814877461, 0.14769360423088074, 0.05434254929423344, -0.9875394701957703, -22.95343977485826, 0.0, 0.0, 0.0, 1.0],
    [-0.9874333739280701, 0.014529947191476803, 0.1573663353919983, 3.8074211535756497, 0.01252434030175209, 0.9998273253440857, -0.01372902840375888, 3.04726215460206, -0.15753865242004395, -0.011585591360926507, -0.987445056438446, -22.937070784611922, 0.0, 0.0, 0.0, 1.0],
    [-0.9862764477729797, -0.002626842120662352, 0.1650814712047577, 3.8048870750819437, -0.0002963310107588768, 0.9998999834060669, 0.014140381477773313, 8.017852022602579, -0.16510209441184998, 0.01389740686863673, -0.9861785173416138, -22.96374722236215, 0.0, 0.0, 0.0, 1.0],
    [-0.9854446649551392, 0.008901366032659987, 0.16976317763328552, 3.8532377209904656, 0.011156606487929821, 0.9998616576194763, 0.01233532186597598, 12.86953877553854, -0.16962990164756775, 0.014049758203327777, -0.9854077100753784, -22.96713990940454, 0.0, 0.0, 0.0, 1.0],
    [-0.9849003553390503, 0.006117911543697098, 0.17301394045352936, 3.8228520464670943, 0.014150790870189667, 0.99887615442276, 0.045233834534883624, 17.92498405326459, -0.1725427657365799, 0.04699910804629338, -0.9838802218437195, -22.944408210122123, 0.0, 0.0, 0.0, 1.0],
    [-0.887992799282074, 0.01635622419416899, 0.4595664143562317, 10.689219314332142, 0.007675219792872667, 0.9997552037239075, -0.020751474425196526, 2.929920819839013, -0.4597933292388916, -0.014899888075888048, -0.887901246547699, -20.487419026270565, 0.0, 0.0, 0.0, 1.0],
    [-0.8857184052467346, 0.012059165164828243, 0.4640662968158722, 10.69686929474024, 0.006564516574144363, 0.9998879432678223, -0.01345389802008855, 7.890610973033496, -0.46417656540870667, -0.008869993500411401, -0.8856982588768005, -20.51834244966583, 0.0, 0.0, 0.0, 1.0],
    [-0.8915191888809204, -0.007299855351448115, 0.4529241919517517, 10.71667639831702, -0.003841334953904152, 0.9999560117721558, 0.008555318228900556, 12.862068111073238, -0.45296674966812134, 0.005887397099286427, -0.8915082812309265, -20.52452609054452, 0.0, 0.0, 0.0, 1.0],
    [-0.8895466923713684, -0.019216366112232264, 0.45643991231918335, 10.77091575176964, -0.00428155530244112, 0.9994217157363892, 0.033731952309608584, 17.83042635515179, -0.4568241834640503, 0.02805187553167354, -0.8891146183013916, -20.51070396009181, 0.0, 0.0, 0.0, 1.0],
    [-0.7020016312599182, 0.00144200189970425, 0.7121738791465759, 16.35745442732282, -0.008077731356024742, 0.9999174475669861, -0.009986978024244185, 2.96162924727228, -0.712129533290863, -0.012763625010847959, -0.7019321322441101, -16.206521165271372, 0.0, 0.0, 0.0, 1.0],
    [-0.7053958773612976, 0.0064954007975756255, 0.7087838053703308, 16.32561887221912, 0.015805991366505623, 0.9998535513877869, 0.006567632779479149, 7.929885784907134, -0.7086372971534729, 0.015835812315344897, -0.7053950428962708, -16.27304440849894, 0.0, 0.0, 0.0, 1.0],
    [-0.7068915963172913, -0.012675778940320102, 0.7072083353996277, 16.32554092675419, -0.005323959514498711, 0.9999064207077026, 0.012600433081388597, 12.88332958763531, -0.707301914691925, 0.0051419921219349775, -0.7068928480148315, -16.282911271267512, 0.0, 0.0, 0.0, 1.0],
    [-0.7096772193908691, -0.02498582378029832, 0.7040837407112122, 16.348899231313602, 0.0011770157143473625, 0.9993274807929993, 0.036649502813816195, 17.90102646632755, -0.7045260071754456, 0.026838034391403285, -0.709170401096344, -16.37913969498279, 0.0, 0.0, 0.0, 1.0],
    [-0.8080022931098938, 0.28065317869186396, 0.518040657043457, 11.681915447357651, 0.0031736046075820923, 0.8813184499740602, -0.4725121557712554, -0.5808085802838576, -0.5891708135604858, -0.3801468312740325, -0.7129979729652405, -15.65644343421721, 0.0, 0.0, 0.0, 1.0],
    [-0.594295859336853, 0.36018186807632435, 0.7190837860107422, 15.79157684588054, -0.012452393770217896, 0.8898805379867555, -0.4560236930847167, -0.5757885325481709, -0.8041501045227051, -0.27996730804443354, -0.5243672728538513, -11.530749235690118, 0.0, 0.0, 0.0, 1.0],
    [-0.7958027124404907, -0.43369013071060186, 0.4226238131523132, 7.611365330717936, 0.025622323155403137, 0.67316997051239, 0.7390437722206117, 25.67848823740889, -0.6050136685371399, 0.5989616513252259, -0.5245983600616454, -9.25802687895111, 0.0, 0.0, 0.0, 1.0],
    [-0.6572638750076294, -0.5231924057006837, 0.5424701571464537, 9.444050587301069, 0.06718301773071289, 0.676241636276245, 0.7336100339889527, 25.58465613540652, -0.7506601214408875, 0.5186201333999634, -0.40931963920593256, -7.485935646990684, 0.0, 0.0, 0.0, 1.0],
    [-0.4953482747077942, -0.01906560733914386, 0.8684852719306946, 20.334577300497592, -0.024970225989818573, 0.9996585249900818, 0.007703227922320488, 3.047584203730273, -0.8683355450630188, -0.01787049137055868, -0.49565523862838745, -11.40883780567977, 0.0, 0.0, 0.0, 1.0],
    [-0.4874190092086792, -0.004830878227949249, 0.8731547594070435, 20.337705252055798, -0.02349581941962242, 0.9996951818466187, -0.007585027255117771, 7.982401126301192, -0.8728519678115845, -0.02421257644891733, -0.48738378286361694, -11.40492103038056, 0.0, 0.0, 0.0, 1.0],
    [-0.4885633587837219, -0.012863414362073052, 0.872433602809906, 20.313920811434308, 0.00026597781106829643, 0.999889075756073, 0.014891602098941926, 12.938707683706678, -0.8725283741950989, 0.007507538422942221, -0.4885055422782898, -11.385584231652219, 0.0, 0.0, 0.0, 1.0],
    [-0.4842129349708557, -0.028240155428648103, 0.8744943141937256, 20.328240819139868, -0.010347467847168446, 0.9995939135551453, 0.026550553739071014, 17.916346933474237, -0.8748890161514282, 0.0038073193281889556, -0.4843086004257202, -11.3708301155206, 0.0, 0.0, 0.0, 1.0],
    [-0.2532498836517334, 0.005731203127652288, 0.9673839807510376, 22.43574430321638, -0.011370887979865074, 0.9998957514762878, -0.008900582790374633, 2.9874492788420333, -0.9673341512680054, -0.013254085555672614, -0.2531583309173584, -5.833428589183001, 0.0, 0.0, 0.0, 1.0],
    [-0.25316929817199707, 0.0028415555134414443, 0.96741783618927, 22.39683271394859, -0.015862058848142624, 0.9998490810394287, -0.007087851408868906, 8.005123050682492, -0.9672919511795044, -0.0171396657824516, -0.25308603048324585, -5.861966115129736, 0.0, 0.0, 0.0, 1.0],
    [-0.25435149669647217, -0.01556192710995686, 0.9669866561889648, 22.3991713418819, -0.001976745668798685, 0.9998767971992493, 0.015571281313896302, 12.911476437288352, -0.9671097993850708, 0.002049094066023858, -0.2543511986732483, -5.8290889495040785, 0.0, 0.0, 0.0, 1.0],
    [-0.2481529712677002, -0.033126644790172695, 0.96815425157547, 22.417184597714378, -0.00983378104865551, 0.9994497895240784, 0.03167691081762326, 17.8793508495838, -0.9686709046363831, -0.0016598952934145624, -0.24834221601486206, -5.807379125348103, 0.0, 0.0, 0.0, 1.0],
    [0.005202770233154297, 0.015116046182811137, 0.9998722076416016, 23.09869017463746, 0.0004834560677409172, 0.999885618686676, -0.01511876471340644, 3.0035622331411274, -0.9999862909317017, 0.0005620536394417279, 0.005194902420043945, 0.04898218655017033, 0.0, 0.0, 0.0, 1.0],
    [0.0042542219161987305, 0.004377509467303631, 0.9999814629554749, 23.092916712666984, -0.00834951363503933, 0.9999557137489319, -0.0043418756686149805, 7.982347130787403, -0.9999561905860901, -0.00833088718354702, 0.004290580749511718, 0.044288273887880085, 0.0, 0.0, 0.0, 1.0],
    [0.004254281520843506, -0.02333710715174687, 0.9997186064720154, 23.090113773341294, 0.008238330483436584, 0.9996945261955261, 0.023301491513848426, 12.94977230353983, -0.9999570250511169, 0.008136885240674019, 0.004445075988769532, 0.06185314597310025, 0.0, 0.0, 0.0, 1.0],
    [-0.017220139503479004, -0.03135425597429288, 0.9993600249290466, 23.11928931228175, -0.014439313672482967, 0.9994117617607117, 0.03110707551240933, 17.91638581196638, -0.9997474551200867, -0.01389440521597862, -0.01766270399093628, 0.026605384045066675, 0.0, 0.0, 0.0, 1.0],
    [-0.15903830528259277, 0.5340318679809569, 0.8303714990615846, 19.0453658621506, 0.012139290571212769, 0.8420705795288087, -0.5392308235168456, -0.8539969159152008, -0.987197756767273, -0.0756782442331314, -0.1404041051864624, -2.838731381003182, 0.0, 0.0, 0.0, 1.0],
    [0.15817582607269287, 0.5067176818847655, 0.8474774360656739, 19.045994172675982, 0.008034586906433105, 0.8575932979583741, -0.5142657756805419, -0.8853186440563918, -0.9873784780502319, 0.08815349638462065, 0.13157904148101807, 3.009930896206587, 0.0, 0.0, 0.0, 1.0],
    [-0.1435205340385437, -0.5469159483909608, 0.8247938156127929, 19.906258428247092, -0.008998095989227295, 0.8341086506843566, 0.5515267848968507, 24.297209901359533, -0.989606499671936, 0.07173383235931398, -0.1246330142021179, -2.8280121275462338, 0.0, 0.0, 0.0, 1.0],
    [0.08552110195159912, -0.5635879039764405, 0.8216172456741332, 19.9429241685595, 0.08039644360542297, 0.825852870941162, 0.5581249594688417, 24.19639331480122, -0.9930874109268188, 0.018323600292205797, 0.11593836545944214, 3.024763840975266, 0.0, 0.0, 0.0, 1.0],
    [0.2682746648788452, 0.010821534320711972, 0.9632817506790161, 22.41397682573457, 0.0009302231483161449, 0.9999334812164307, -0.011492349207401152, 3.007897890828402, -0.9633420705795288, 0.003979172557592359, 0.26824671030044556, 6.294504774728679, 0.0, 0.0, 0.0, 1.0],
    [0.27173352241516113, 0.006987022235989453, 0.962347149848938, 22.42705239453577, -0.0001188300084322691, 0.9999738335609436, -0.0072266538627444475, 7.979230757478053, -0.9623725414276123, 0.0018493677489459183, 0.27172714471817017, 6.269265621110574, 0.0, 0.0, 0.0, 1.0],
    [0.26845085620880127, -0.009885975159704803, 0.9632426500320435, 22.41990330876737, -0.00887566152960062, 0.9998795390129089, 0.012735588476061944, 12.9433229257688, -0.9632525444030762, -0.011968294158577952, 0.2683306932449341, 6.242905367809612, 0.0, 0.0, 0.0, 1.0],
    [0.269917368888855, -0.010828152298927425, 0.9628225564956665, 22.46061717762227, -0.019807565957307816, 0.9996627569198608, 0.016795312985777976, 17.902896246447952, -0.9626797437667847, -0.023604521527886425, 0.2696119546890259, 6.265753667336574, 0.0, 0.0, 0.0, 1.0],
    [0.5109570026397705, 0.0038058771751819987, 0.8595976829528809, 20.02192559877871, 0.010847292840480804, 0.9998819828033447, -0.010874771513044711, 3.009472032210091, -0.8595377206802368, 0.014880849979817805, 0.5108555555343628, 11.71817265870359, 0.0, 0.0, 0.0, 1.0],
    [0.504435122013092, 0.01379643660038699, 0.863339364528656, 20.00914432570951, -0.012019379995763302, 0.9998876452445984, -0.008955793455242987, 7.974184711788325, -0.8633659482002258, -0.005859186407178702, 0.5045443177223206, 11.6919137651788, 0.0, 0.0, 0.0, 1.0],
    [0.5103664398193359, -0.00024328706786047022, 0.8599570393562317, 19.98802324076146, -0.013380372896790504, 0.9998766779899597, 0.008223840035498265, 12.971970293888068, -0.8598529696464539, -0.015703717246651712, 0.5103001594543457, 11.652070872145043, 0.0, 0.0, 0.0, 1.0],
    [0.5021503567695618, -0.003772837109863864, 0.8647720217704773, 20.0146934507759, -0.02618713304400444, 0.9994655847549438, 0.019566658884287002, 17.95568203122923, -0.8643836379051208, -0.03247130662202841, 0.5017832517623901, 11.66980851757668, 0.0, 0.0, 0.0, 1.0],
    [0.709118127822876, -1.6110367141750378e-05, 0.7050897479057312, 16.246013897787712, 0.0035901092924177647, 0.9999871253967285, -0.003587772604077932, 2.98810998699182, -0.7050805687904358, 0.005075503606349143, 0.7091090679168701, 16.26798325316345, 0.0, 0.0, 0.0, 1.0],
    [0.7096683979034424, 0.00503215799108139, 0.7045178413391113, 16.2011385612496, 0.008059659972786903, 0.9998511075973511, -0.015260215848684188, 7.9714670752121215, -0.7044897079467773, 0.016507867723703298, 0.7095221281051636, 16.28887641721456, 0.0, 0.0, 0.0, 1.0],
    [0.7092469334602356, -0.0021954788826406865, 0.7049573063850403, 16.17800662859062, -0.014049744233489037, 0.9997525215148926, 0.01724880561232579, 12.96685640244425, -0.7048206925392151, -0.02213812246918687, 0.709040105342865, 16.28381831590188, 0.0, 0.0, 0.0, 1.0],
    [0.7092827558517456, -0.02227096632123002, 0.7045726180076599, 16.16189306513852, 0.0011012563481926918, 0.999534547328949, 0.030485861003399017, 17.9484417197851, -0.704923689365387, -0.020847171545028773, 0.7089767456054688, 16.32463716792711, 0.0, 0.0, 0.0, 1.0],
    [0.6138757467269897, 0.33983150124549855, 0.7125104665756226, 15.94511086184381, 0.002743244171142578, 0.9016706347465515, -0.43241482973098744, -0.2895808196605486, -0.7893979549407959, 0.2674035429954528, 0.5525814294815063, 11.80945411932294, 0.0, 0.0, 0.0, 1.0],
    [0.8112844228744507, 0.24933788180351252, 0.5288179516792297, 11.74735740869312, 0.021920807659626007, 0.8908920884132386, -0.45368576049804676, -0.2984563947648482, -0.584240734577179, 0.3796602487564086, 0.717301070690155, 15.894933342455701, 0.0, 0.0, 0.0, 1.0],
    [0.619453489780426, -0.6097893714904786, 0.4944028258323669, 9.163033202539447, 0.046199649572372437, 0.6570116281509398, 0.752463459968567, 25.80572746759507, -0.7836726307868958, -0.4432749450206757, 0.43516030907630915, 7.553096384445457, 0.0, 0.0, 0.0, 1.0],
    [0.7807295918464661, -0.4764185249805451, 0.4043359160423278, 7.361087612707543, -0.004318803548812866, 0.6429426670074462, 0.7659021615982057, 25.718744097100668, -0.6248547434806824, -0.5997084379196168, 0.49990648031234736, 9.414751777875612, 0.0, 0.0, 0.0, 1.0],
    [0.8670749664306641, 0.0204577669501304, 0.49775734543800354, 11.582079672720448, -0.008323315531015396, 0.9996119141578674, -0.02658501826226699, 2.997087219053368, -0.49810805916786194, 0.01890821196138848, 0.8669087886810303, 20.148027367222184, 0.0, 0.0, 0.0, 1.0],
    [0.8666841983795166, 0.013953104615211426, 0.4986620247364044, 11.592542821234343, -0.005634773522615433, 0.9998188018798828, -0.018182668834924576, 8.005523398913935, -0.49882540106773376, 0.012948784045874967, 0.8666057586669922, 20.12990821610069, 0.0, 0.0, 0.0, 1.0],
    [0.8668289184570312, -0.001297555514611365, 0.49860483407974243, 11.63589006761942, -0.0047073750756680965, 0.999930739402771, 0.010786002501845483, 12.914522430152129, -0.4985843300819397, -0.011696733534336196, 0.8667622804641724, 20.06125604257346, 0.0, 0.0, 0.0, 1.0],
    [0.8703354001045227, -0.014300229027867378, 0.4922522306442261, 11.625766546636228, -0.0016070269048213959, 0.99949049949646, 0.03187714889645589, 17.88193087289438, -0.4924572706222534, -0.028534866869449723, 0.8698687553405762, 20.07355822476288, 0.0, 0.0, 0.0, 1.0],
    [0.961982250213623, 0.008197058923542467, 0.27299025654792786, 6.146946408746665, -0.0076750400476157665, 0.9999660849571228, -0.0029800757765768736, 3.030999774543101, -0.2730054557323456, 0.0007715678075327291, 0.9620121717453003, 22.444524680598953, 0.0, 0.0, 0.0, 1.0],
    [0.96257483959198, 0.0005834315670653846, 0.27101564407348633, 6.151650887968217, 0.0013662180863320827, 0.9999745488166809, -0.007005144376307604, 8.021668704205194, -0.2710128426551819, 0.007113242056220652, 0.9625494480133057, 22.444013965070685, 0.0, 0.0, 0.0, 1.0],
    [0.9642220735549927, 0.014108885079622236, 0.26472124457359314, 6.198942458540298, -0.015916837379336357, 0.9998623728752136, 0.004685755819082382, 12.97616414094602, -0.2646186649799347, -0.008731632493436454, 0.9643136262893677, 22.436913687505925, 0.0, 0.0, 0.0, 1.0],
    [0.9593104124069214, -0.012676680460572277, 0.28206881880760193, 6.220693143914468, 0.004034236539155245, 0.9995050430297852, 0.031199198216199996, 17.89222250275407, -0.2823247015476227, -0.028791785240173458, 0.9588867425918579, 22.40659637428073, 0.0, 0.0, 0.0, 1.0],
    [0.918799102306366, 0.07665004581212993, 0.38721176981925964, 8.367572905060596, -0.020393723621964455, 0.9888727068901062, -0.1473596692085265, 13.27804359151725, -0.3941982686519623, 0.12749725580215443, 0.9101385474205017, 19.95833703487223, 0.0, 0.0, 0.0, 1.0],
    [0.9204878211021423, 0.053059253841638516, 0.38715261220932007, 8.375294830923174, -0.0324079729616642, 0.9976913332939148, -0.05968089401721942, 15.139887911319809, -0.3894253969192505, 0.04238869994878758, 0.9200820922851562, 19.957312008502143, 0.0, 0.0, 0.0, 1.0],
    [0.9175653457641602, -0.05482750385999675, -0.39378660917282104, -8.420612780426852, -0.0011857524514198303, 0.9900642037391663, -0.14061108231544484, 13.32600706691294, 0.39758336544036865, 0.1294867694377898, 0.9083834886550903, 19.99989033865817, 0.0, 0.0, 0.0, 1.0],
    [0.9173938632011414, -0.016803286969661664, -0.39762574434280396, -8.437360081230635, -0.005311562679708004, 0.9985023736953735, -0.05445048585534083, 15.25337416647401, 0.3979451656341553, 0.05206455662846554, 0.9159306287765503, 20.002948904439243, 0.0, 0.0, 0.0, 1.0],
    [0.9998154044151306, 0.01619637943804264, -0.010343624278903006, -0.18653183101572374, -0.019104911014437675, 0.8958824872970581, -0.44388017058372486, 5.5267397892087535, 0.0020774202421307564, 0.4439958035945891, 0.8960264921188354, 22.15290032718103, 0.0, 0.0, 0.0, 1.0],
    [0.719996988773346, -0.12783522903919228, 0.6821013689041138, 16.632768168884333, -0.009347423911094666, 0.9810119271278381, 0.19372193515300762, 14.16325004271744, -0.6939140558242798, -0.1458551138639451, 0.7051308155059814, 16.96845683844382, 0.0, 0.0, 0.0, 1.0],
    [0.9999600648880005, 0.00877048633992672, -0.0017723385244607915, 0.052282826932420166, -0.008327275514602661, 0.9846539497375488, 0.17431925237178814, 14.477144653154701, 0.0032740049064159393, -0.1742975264787675, 0.9846875667572021, 24.67732143930528, 0.0, 0.0, 0.0, 1.0],
    [0.7114954590797424, 0.1280611753463746, -0.6909227967262268, -16.80784827245557, 0.006900284439325333, 0.9819326400756836, 0.18910498917102825, 14.068434745456631, 0.7026566863059998, -0.13931493461132058, 0.6977570652961731, 16.76346087073512, 0.0, 0.0, 0.0, 1.0],
    [0.7963035702705383, -0.057664707303047257, 0.6021424531936646, 14.713553599502422, -0.005118027329444885, 0.9947677850723267, 0.1020331531763078, 5.022747141767563, -0.6048756837844849, -0.08433113992214213, 0.7918419241905212, 18.856959682529713, 0.0, 0.0, 0.0, 1.0],
    [0.8655120134353638, -0.07561562955379492, 0.4951478838920593, 12.25863555216489, 0.01585867628455162, 0.9921806454658508, 0.12379835546016706, 5.054512456158294, -0.5006372332572937, -0.09929655492305767, 0.8599433302879333, 20.6624789572245, 0.0, 0.0, 0.0, 1.0],
    [0.8297938108444214, -0.05100299045443542, 0.5557346343994141, 13.18115577593751, -0.01650262251496315, 0.993137001991272, 0.11578680574893964, 7.613670959199952, -0.557826042175293, -0.10525025427341471, 0.8232572078704834, 18.72615988666834, 0.0, 0.0, 0.0, 1.0],
    [0.8184389472007751, 0.01965032145380967, 0.574257493019104, 13.19051885921924, -0.004528239835053682, 0.9996045827865601, -0.02775142528116691, 12.70970070851064, -0.5745757818222046, 0.020112471655011076, 0.8182042837142944, 18.71856063816408, 0.0, 0.0, 0.0, 1.0],
    [0.6125763058662415, 0.18709856271743766, 0.7679482698440552, 17.34997580468162, 0.038522154092788696, 0.9633587002754211, -0.2654355764389037, 10.54392629153967, -0.789472222328186, 0.1921825408935546, 0.582923173904419, 13.424868479048499, 0.0, 0.0, 0.0, 1.0],
    [0.6042247414588928, 0.15248955786228172, 0.7820867896080017, 17.33579149270889, -0.02077004313468933, 0.9841977953910828, -0.1758502274751662, 12.93331263489316, -0.7965434193611145, 0.09000904858112328, 0.5978436470031738, 13.419115057949323, 0.0, 0.0, 0.0, 1.0],
    [0.8562317490577698, 0.18722414970397944, 0.48147162795066833, 10.20398361144081, -0.013658255338668823, 0.9398930072784424, -0.3411957621574401, 1.3091107292967539, -0.5164119005203247, 0.2855665087699889, 0.8073230981826782, 17.90267493048508, 0.0, 0.0, 0.0, 1.0],
    [0.9616361260414124, 0.12135995179414746, 0.24602426588535312, 5.432294849749779, -0.02931796759366989, 0.9371520280838013, -0.34768733382225026, 1.325453127899212, -0.27275747060775757, 0.32713571190834034, 0.9047572016716003, 19.91217426284043, 0.0, 0.0, 0.0, 1.0],
    [0.8766912221908569, 0.04912469908595091, -0.47853878140449524, -11.616706260419221, 0.003941863775253296, 0.9940051436424255, 0.10926179587841046, 5.130427550641288, 0.4810374677181244, -0.09767518937587749, 0.8712419271469116, 20.960155808322178, 0.0, 0.0, 0.0, 1.0],
    [0.7876424193382263, 0.06282552331686027, -0.612921416759491, -14.8025326996733, 0.0005675386637449265, 0.9947133660316467, 0.10268919169902814, 5.102100930089792, 0.6161325573921204, -0.08123020827770243, 0.7834426164627075, 18.80498591991158, 0.0, 0.0, 0.0, 1.0],
    [0.8232499957084656, 0.06762388348579414, -0.5636370182037354, -13.241562429241501, -0.006158577278256416, 0.9938849806785583, 0.11024881899356855, 7.6877522433300625, 0.567645788192749, -0.08729113638401041, 0.818632185459137, 18.75652303803682, 0.0, 0.0, 0.0, 1.0],
    [0.8225307464599609, -0.011498581618070533, -0.5686051249504089, -13.236102623859011, -0.0024005677551031113, 0.9997164607048035, -0.023689309135079262, 12.73718492984774, 0.5687163472175598, 0.020850149914622206, 0.8222694396972656, 18.74440157467163, 0.0, 0.0, 0.0, 1.0],
    [0.5898483395576477, -0.20916044712066642, -0.7799558043479919, -17.40457688332366, 0.003073669970035553, 0.966447114944458, -0.2568472921848296, 10.536137866771671, 0.8075082898139954, 0.1491035819053649, 0.57069993019104, 13.333642599202822, 0.0, 0.0, 0.0, 1.0],
    [0.5913906693458557, -0.117173209786415, -0.7978267669677734, -17.44131936077887, -0.011159494519233704, 0.9881026744842529, -0.15339015424251545, 13.033870446557481, 0.8063080310821533, 0.09961684048175805, 0.5830470323562622, 13.33829293874544, 0.0, 0.0, 0.0, 1.0],
    [0.9608362317085266, -0.10731726884841916, -0.2554934024810791, -5.475978597542221, 0.013737961649894714, 0.9392820596694946, -0.34287092089653004, 1.355073593108094, 0.2767763137817383, 0.3259328305721282, 0.90397047996521, 19.838788953135488, 0.0, 0.0, 0.0, 1.0],
    [0.8519197702407837, -0.19111675024032587, -0.48755210638046265, -10.21923339136481, 0.011955320835113525, 0.9378805756568909, -0.346752107143402, 1.302362650616761, 0.5235357880592346, 0.2895761728286742, 0.8012838959693909, 17.81439520802128, 0.0, 0.0, 0.0, 1.0],
    [-0.7984615564346313, 0.043042797595262604, -0.6005052328109741, -14.83851240325048, -0.01866867020726204, 0.995191216468811, 0.09615574777126325, 4.97767185460056, 0.6017563343048096, 0.08798730373382578, -0.7938184142112732, -18.7774701684321, 0.0, 0.0, 0.0, 1.0],
